0 0.15
0.0015 0.15
0.003 0.15
0.0045 0.15
0.006 0.15
0.0075 0.15
0.009 0.15
0.0105 0.15
0.012 0.15
0.0135 0.15
0.015 0.15
0.0165 0.15
0.018 0.15
0.0195 0.15
0.021 0.15
0.0225 0.15
0.024 0.15
0.0255 0.15
0.027 0.15
0.0285 0.15
0.03 0.15
0.0315 0.15
0.033 0.15
0.0345 0.15
0.036 0.15
0.0375 0.15
0.039 0.15
0.0405 0.15
0.042 0.15
0.0435 0.15
0.045 0.15
0.0465 0.15
0.048 0.15
0.0495 0.15
0.051 0.15
0.0525 0.15
0.054 0.15
0.0555 0.15
0.057 0.15
0.0585 0.15
0.06 0.15
0.0615 0.15
0.063 0.15
0.0645 0.15
0.066 0.15
0.0675 0.15
0.069 0.15
0.0705 0.15
0.072 0.15
0.0735 0.15
0.075 0.15
0.0765 0.15
0.078 0.15
0.0795 0.15
0.081 0.15
0.0825 0.15
0.084 0.15
0.0855 0.15
0.087 0.15
0.0885 0.15
0.09 0.15
0.0915 0.15
0.093 0.15
0.0945 0.15
0.096 0.15
0.0975 0.15
0.099 0.15
0.1005 0.15
0.102 0.15
0.1035 0.15
0.105 0.15
0.1065 0.15
0.108 0.15
0.1095 0.15
0.111 0.15
0.1125 0.15
0.114 0.15
0.1155 0.15
0.117 0.15
0.1185 0.15
0.12 0.15
0.1215 0.15
0.123 0.15
0.1245 0.15
0.126 0.15
0.1275 0.15
0.129 0.15
0.1305 0.15
0.132 0.15
0.1335 0.15
0.135 0.15
0.1365 0.15
0.138 0.15
0.1395 0.15
0.141 0.15
0.1425 0.15
0.144 0.15
0.1455 0.15
0.147 0.15
0.1485 0.15
0.15 0.15
0.1515 0.15
0.153 0.15
0.1545 0.15
0.156 0.15
0.1575 0.15
0.159 0.15
0.1605 0.15
0.162 0.15
0.1635 0.15
0.165 0.15
0.1665 0.15
0.168 0.15
0.1695 0.15
0.171 0.15
0.1725 0.15
0.174 0.15
0.1755 0.15
0.177 0.15
0.1785 0.15
0.18 0.15
0.1815 0.15
0.183 0.15
0.1845 0.15
0.186 0.15
0.1875 0.15
0.189 0.15
0.1905 0.15
0.192 0.15
0.1935 0.15
0.195 0.15
0.1965 0.15
0.198 0.15
0.1995 0.15
0.201 0.15
0.2025 0.15
0.204 0.15
0.2055 0.15
0.207 0.15
0.2085 0.15
0.21 0.15
0.2115 0.15
0.213 0.15
0.2145 0.15
0.216 0.15
0.2175 0.15
0.219 0.15
0.2205 0.15
0.222 0.15
0.2235 0.15
0.225 0.15
0.2265 0.15
0.228 0.15
0.2295 0.15
0.231 0.15
0.2325 0.15
0.234 0.15
0.2355 0.15
0.237 0.15
0.2385 0.15
0.24 0.15
0.2415 0.15
0.243 0.15
0.2445 0.15
0.246 0.15
0.2475 0.15
0.249 0.15
0.25 0.1495
0.25 0.148005
0.25 0.146525
0.25 0.14506
0.25 0.143609
0.25 0.142173
0.25 0.140751
0.25 0.139344
0.25 0.13795
0.25 0.136571
0.25 0.135205
0.25 0.133853
0.25 0.132515
0.25 0.131189
0.25 0.129877
0.25 0.128579
0.25 0.127293
0.25 0.12602
0.25 0.12476
0.25 0.123512
0.25 0.122277
0.25 0.121054
0.25 0.119844
0.25 0.118645
0.25 0.117459
0.25 0.116284
0.25 0.115121
0.25 0.11397
0.25 0.112831
0.25 0.111702
0.25 0.110585
0.25 0.109479
0.25 0.108385
0.25 0.107301
0.25 0.106228
0.25 0.105165
0.25 0.104114
0.25 0.103073
0.25 0.102042
0.25 0.101021
0.25 0.100011
0.25002 0.0990114
0.250078 0.0980231
0.250175 0.0970477
0.250308 0.0960865
0.250477 0.0951406
0.250679 0.0942111
0.250915 0.0932989
0.251182 0.0924049
0.251479 0.09153
0.251804 0.0906747
0.252158 0.0898397
0.252538 0.0890256
0.252943 0.0882328
0.253371 0.0874618
0.253823 0.086713
0.254297 0.0859866
0.254791 0.0852829
0.255305 0.0846022
0.255837 0.0839447
0.256387 0.0833104
0.256953 0.0826995
0.257535 0.0821121
0.258132 0.0815482
0.258743 0.0810079
0.259367 0.0804911
0.260003 0.079998
0.26065 0.0795284
0.261309 0.0790824
0.261977 0.0786598
0.262655 0.0782607
0.263341 0.0778849
0.264036 0.0775325
0.264738 0.0772034
0.265446 0.0768966
0.266155 0.0765972
0.26686 0.0762989
0.267563 0.0760018
0.268263 0.0757058
0.26896 0.075411
0.269655 0.0751173
0.270347 0.0748248
0.271036 0.0745334
0.271722 0.0742432
0.272406 0.0739541
0.273087 0.0736661
0.273766 0.0733792
0.274442 0.0730935
0.275115 0.0728088
0.275785 0.0725253
0.276453 0.0722429
0.277119 0.0719615
0.277782 0.0716813
0.278442 0.0714022
0.2791 0.0711241
0.279755 0.0708471
0.280407 0.0705713
0.281057 0.0702964
0.281705 0.0700227
0.28235 0.06975
0.282992 0.0694784
0.283632 0.0692078
0.284269 0.0689383
0.284904 0.0686699
0.285537 0.0684025
0.286167 0.0681361
0.286795 0.0678707
0.28742 0.0676064
0.288042 0.0673432
0.288663 0.0670809
0.28928 0.0668197
0.289896 0.0665595
0.290509 0.0663003
0.29112 0.0660421
0.291728 0.0657849
0.292334 0.0655288
0.292937 0.0652736
0.293539 0.0650194
0.294137 0.0647662
0.294734 0.064514
0.295328 0.0642627
0.29592 0.0640125
0.29651 0.0637632
0.297097 0.0635149
0.297682 0.0632676
0.298265 0.0630212
0.298845 0.0627758
0.299423 0.0625313
0.299999 0.0622878
0.300573 0.0620453
0.301145 0.0618036
0.301714 0.061563
0.302281 0.0613232
0.302846 0.0610844
0.303408 0.0608465
0.303969 0.0606096
0.304527 0.0603736
0.305083 0.0601385
0.305637 0.0599043
0.306189 0.059671
0.306738 0.0594386
0.307286 0.0592072
0.307831 0.0589766
0.308374 0.0587469
0.308915 0.0585182
0.309454 0.0582903
0.309991 0.0580633
0.310526 0.0578372
0.311059 0.057612
0.311589 0.0573876
0.312118 0.0571641
0.312645 0.0569415
0.313169 0.0567198
0.313691 0.0564989
0.314212 0.0562789
0.31473 0.0560597
0.315247 0.0558414
0.315761 0.055624
0.316273 0.0554073
0.316784 0.0551916
0.317292 0.0549767
0.317798 0.0547626
0.318303 0.0545493
0.318805 0.0543369
0.319306 0.0541253
0.319804 0.0539146
0.320302 0.0537081
0.320801 0.0535078
0.321299 0.0533136
0.321798 0.0531254
0.322297 0.0529432
0.322796 0.0527669
0.323296 0.0525964
0.323795 0.0524317
0.324295 0.0522728
0.324794 0.0521196
0.325294 0.0519721
0.325794 0.0518302
0.326294 0.0516938
0.326794 0.051563
0.327295 0.0514376
0.327795 0.0513178
0.328295 0.0512033
0.328795 0.0510942
0.329296 0.0509904
0.329796 0.050892
0.330296 0.0507988
0.330797 0.0507109
0.331297 0.0506283
0.331797 0.0505508
0.332298 0.0504785
0.332798 0.0504114
0.333298 0.0503493
0.333798 0.0502924
0.334299 0.0502406
0.334799 0.0501939
0.335299 0.0501523
0.335799 0.0501157
0.336299 0.0500841
0.3368 0.0500576
0.3373 0.0500361
0.3378 0.0500196
0.3383 0.0500081
0.3388 0.0500016
0.3393 0.0500003
0.3398 0.0500095
0.340299 0.0500318
0.340798 0.0500671
0.341297 0.0501156
0.341794 0.0501772
0.34229 0.0502519
0.342785 0.0503398
0.343278 0.0504408
0.343769 0.050555
0.344259 0.0506825
0.344745 0.0508233
0.34523 0.0509773
0.345711 0.0511447
0.34619 0.0513255
0.346665 0.0515198
0.347136 0.0517276
0.347844 0.0520566
0.348281 0.0522589
0.348716 0.0524594
0.349149 0.0526581
0.349579 0.0528551
0.350007 0.0530504
0.350736 0.0533813
0.351159 0.0535722
0.35158 0.0537615
0.351998 0.0539492
0.352718 0.0542704
0.353131 0.054454
0.353543 0.0546361
0.353952 0.0548167
0.354662 0.0551288
0.355066 0.0553055
0.355469 0.0554809
0.356172 0.0557862
0.356569 0.0559578
0.357267 0.0562584
0.357659 0.0564264
0.35805 0.0565932
0.358741 0.0568875
0.359127 0.0570509
0.359813 0.0573409
0.360194 0.0575009
0.360876 0.0577866
0.361252 0.0579435
0.361929 0.058225
0.3623 0.0583788
0.362973 0.0586564
0.363339 0.0588071
0.364007 0.0590808
0.364672 0.0593521
0.365032 0.0594981
0.365692 0.0597657
0.36635 0.060031
0.366703 0.0601725
0.367356 0.0604342
0.368007 0.0606937
0.368352 0.0608309
0.368999 0.0610871
0.369643 0.0613411
0.370284 0.0615931
0.37062 0.0617245
0.371257 0.0619733
0.371891 0.0622201
0.372523 0.062465
0.373153 0.0627078
0.37378 0.0629488
0.374101 0.063072
0.374724 0.06331
0.375345 0.0635463
0.375963 0.0637807
0.376578 0.0640134
0.377191 0.0642443
0.377802 0.0644734
0.37841 0.0647008
0.379016 0.0649266
0.37962 0.0651507
0.380221 0.0653731
0.38082 0.065594
0.381416 0.0658132
0.38201 0.0660309
0.382602 0.066247
0.383192 0.0664616
0.384082 0.0667843
0.384666 0.0669952
0.385248 0.0672046
0.385827 0.0674126
0.386405 0.0676191
0.38698 0.0678242
0.387856 0.0681354
0.388426 0.0683371
0.388994 0.0685375
0.389559 0.0687365
0.390426 0.0690402
0.390986 0.069236
0.391545 0.0694305
0.392404 0.0697287
0.392957 0.06992
0.393508 0.0701101
0.39436 0.070403
0.394906 0.0705901
0.395451 0.070776
0.396296 0.0710638
0.396835 0.0712468
0.397675 0.0715311
0.39821 0.0717113
0.399045 0.071992
0.399574 0.0721695
0.400405 0.0724469
0.40093 0.0726216
0.401756 0.0728957
0.402276 0.0730678
0.403097 0.0733387
0.403916 0.0736078
0.404428 0.0737758
0.405242 0.0740417
0.406053 0.0743058
0.406559 0.0744699
0.407365 0.074731
0.408169 0.0749904
0.408668 0.0751507
0.409467 0.0754072
0.410264 0.075662
0.410755 0.0758186
0.411548 0.0760706
0.412338 0.076321
0.413125 0.0765698
0.41391 0.0768169
0.414389 0.0769674
0.41517 0.077212
0.415948 0.077455
0.416724 0.0776964
0.417497 0.0779363
0.418267 0.0781748
0.419036 0.0784117
0.419801 0.0786472
0.420565 0.0788812
0.421325 0.0791138
0.422084 0.0793449
0.42284 0.0795747
0.423593 0.0798031
0.424345 0.0800301
0.425093 0.0802558
0.42584 0.0804801
0.426584 0.0807031
0.427326 0.0809248
0.428066 0.0811452
0.428803 0.0813644
0.429841 0.0816719
0.430573 0.081888
0.431303 0.0821029
0.43203 0.0823166
0.432755 0.0825291
0.433781 0.0828288
0.434501 0.0830384
0.435219 0.0832469
0.435934 0.0834542
0.436951 0.0837478
0.437661 0.0839524
0.438369 0.0841559
0.439379 0.084445
0.440082 0.0846458
0.440783 0.0848456
0.441785 0.0851303
0.442481 0.0853276
0.443478 0.0856093
0.444169 0.0858041
0.444858 0.0859978
0.445848 0.0862754
0.446533 0.0864667
0.447518 0.0867414
0.448197 0.0869304
0.449178 0.0872024
0.449852 0.087389
0.450828 0.0876582
0.451801 0.0879259
0.452468 0.0881089
0.453437 0.0883739
0.454099 0.0885548
0.455063 0.0888172
0.456024 0.0890782
0.456679 0.0892557
0.457636 0.0895141
0.45859 0.089771
0.459238 0.0899452
0.460187 0.0901998
0.461134 0.0904529
0.462078 0.0907046
0.46302 0.090955
0.463656 0.0911237
0.464593 0.0913717
0.465527 0.0916184
0.46646 0.0918638
0.467389 0.0921079
0.468316 0.0923507
0.468938 0.0925131
0.469861 0.0927537
0.470781 0.092993
0.471699 0.0932311
0.472615 0.093468
0.473528 0.0937036
0.474439 0.093938
0.475347 0.0941712
0.476253 0.0944032
0.477156 0.0946341
0.478057 0.0948638
0.478956 0.0950923
0.479853 0.0953197
0.48105 0.0956225
0.481941 0.0958472
0.482829 0.0960709
0.483716 0.0962934
0.4846 0.0965149
0.485481 0.0967353
0.486361 0.0969546
0.487541 0.0972481
0.488416 0.097465
0.489288 0.0976808
0.490157 0.0978956
0.491328 0.098184
0.492193 0.0983964
0.493055 0.0986079
0.494218 0.0988924
0.495076 0.0991016
0.495931 0.0993097
0.497087 0.0995905
0.497937 0.0997964
0.498786 0.100001
